memory: 8.86799365234375
time: 240.1577217578888
