memory: 22.36684765625
time: 450.31316447257996
