memory: 9.03423486328125
time: 802.629175901413
