memory: 8.9356005859375
time: 6114.9176614284515
