memory: 8.9356005859375
time: 5985.242594957352
