memory: 22.3669111328125
time: 2529.864634037018
