memory: 22.36684765625
time: 5000.210564613342
