memory: 9.05046435546875
time: 6801.195652723312
