memory: 9.03469287109375
time: 806.6056489944458
