memory: 8.46228955078125
time: 357.9431688785553
